age_classifier = LGBMClassifier(
        n_estimators=200,
        verbose=-1,
        boosting_type='dart',
        device='gpu',
        class_weight='balanced',
        min_child_samples=1,
        min_data_in_leaf=1
    )

Accuracy: 0.9586288599929489
              precision    recall  f1-score   support

           C       0.87      0.98      0.92     17894
           D       0.66      0.98      0.79      1026
           F       0.54      0.96      0.69      2024
           K       0.49      0.89      0.63      4267
           O       0.91      0.96      0.94     22237
           P       0.98      0.97      0.98     31144
           Q       1.00      0.96      0.98    288226
           R       0.94      0.99      0.96     17239
           U       0.28      0.89      0.43      1365
           X       0.97      0.95      0.96       149
           Y       0.79      0.88      0.83       155
           Z       0.15      0.65      0.24        26

    accuracy                           0.96    385752
   macro avg       0.72      0.92      0.78    385752
weighted avg       0.97      0.96      0.96    385752

40,000

Accuracy: 0.9590012498668281
              precision    recall  f1-score   support

           C       0.88      0.98      0.93     17820
           D       0.66      0.99      0.79      1035
           F       0.56      0.95      0.70      2123
           K       0.49      0.90      0.63      4170
           O       0.91      0.96      0.94     21692
           P       0.98      0.97      0.98     31035
           Q       1.00      0.96      0.98    288168
           R       0.93      0.99      0.96     17221
           U       0.27      0.90      0.41      1244
           X       0.92      0.95      0.93       171
           Y       0.64      0.90      0.75       143
           Z       0.15      0.68      0.24        19

    accuracy                           0.96    384841
   macro avg       0.70      0.93      0.77    384841
weighted avg       0.97      0.96      0.96    384841

10,000

Accuracy: 0.9584373806325209
              precision    recall  f1-score   support

           C       0.88      0.98      0.93     17820
           D       0.66      0.99      0.79      1035
           F       0.50      0.96      0.66      2123
           K       0.49      0.90      0.63      4170
           O       0.91      0.96      0.94     21692
           P       0.98      0.97      0.98     31035
           Q       1.00      0.95      0.98    288168
           R       0.94      0.99      0.96     17221
           U       0.27      0.90      0.42      1244
           X       0.96      0.95      0.96       171
           Y       0.66      0.90      0.76       143
           Z       0.13      0.63      0.21        19

    accuracy                           0.96    384841
   macro avg       0.70      0.92      0.77    384841
weighted avg       0.97      0.96      0.96    384841

50% Q representation

Accuracy: 0.9588089626625022
              precision    recall  f1-score   support

           C       0.88      0.98      0.92     17820
           D       0.65      0.99      0.78      1035
           F       0.55      0.95      0.70      2123
           K       0.49      0.89      0.63      4170
           O       0.92      0.96      0.94     21692
           P       0.98      0.97      0.98     31035
           Q       1.00      0.96      0.98    288168
           R       0.93      0.99      0.96     17221
           U       0.27      0.90      0.41      1244
           X       0.96      0.95      0.96       171
           Y       0.64      0.90      0.75       143
           Z       0.11      0.63      0.19        19